2023/0046 Долијановић Вук 12 17 29 10 0 0 3
2023/0052 Бојаџић Тарик 9 18 27 10 0 0 3
2023/0053 Антић Никола 4 13 17 10 0 0 3
2023/0070 Илић Никола 5 1 6 0 0 0 3
2023/0073 Живковић Алекса 9 6 15 1 14 22 36 52 6
2023/0141 Гњато Стеван 6 9 15 6 0 0 3
2023/0189 Ђукић Софија 4 17 21 9 15 16 31 61 7
2023/0260 Ђукановић Ана 8 14 22 10 0 0 3
2023/0283 Бојовић Вук 9 9 18 8 0 0 3
2023/0340 Вукашиновић Софија 10 9 19 10 0 0 3
2023/0342 Богавац Лука 3 10 13 7 19 29 48 68 7
2023/0345 Голубовић Борјана 11 11 22 3 0 0 3
2023/0364 Андонов Константин 10 10 20 10 23 35 58 88 9
2023/0378 Вукотић Петар 9 15 24 3 14 16 30 57 6
2023/0417 Вељковић Душан 7 9 16 10 0 0 3
2023/0468 Бјелица Матија 11 12 23 6 13 15 28 57 6
2023/0474 Ивановић Александра 7 11 18 10 17 26 43 71 8
2023/0521 Голубовић Теодор 3 14 17 8 0 0 3
2023/0543 Драшковић Вања 5 10 15 10 0 0 3
2023/0546 Грдовић Милица 1 7 8 2 0 0 3
2023/0559 Бјелица Вања 5 10 15 10 0 0 3
2023/0617 Вранеш Матија 3 11 14 5 0 0 3
2023/0618 Васић Мирјана 1 9 10 6 2 1 3 19 5
2023/0628 Благојевић Димитрије 5 10 15 10 0 0 3
2023/0723 Живковић Симона 2 6 8 3 0 0 3
2023/0731 Aamer Muayad 0 0 0 0 0 0 3
2023/0741 Савић Петар 0 0 0 0 3
